1110,1110,3,132628.6
1110,1150,3,1583.6
1110,7130,3,698.5
1120,1120,3,103729.1
1120,1130,3,96.0
1120,1150,3,778.1
1120,3110,3,18.9
1120,7130,3,450.7
1130,1110,3,50.6
1130,1130,3,27545.5
1130,1140,3,1.5
1130,1150,3,9.7
1130,3210,3,44.5
1130,7130,3,0.2
1140,1140,3,6048.0
1150,1150,3,12596.0
2110,2110,3,83339.1
2110,2130,3,248.0
2110,3240,3,7679.0
2110,3251,3,67.0
2121,2121,3,23287.0
2121,2123,3,9.0
2121,2130,3,20.0
2122,2122,3,11219.0
2122,2123,3,8.0
2123,2121,3,5.0
2123,2122,3,10.0
2123,2123,3,15082.0
2123,2130,3,69.0
2123,3240,3,109.0
2123,3251,3,1693.0
2123,3270,3,193.0
2130,2110,3,49.0
2130,2123,3,11.0
2130,2130,3,24883.1
2130,332B,3,11.0
2211,2211,3,192674.7
2211,2212,3,18354.0
2211,2213,3,1932.0
2212,2110,3,381.0
2212,2212,3,53021.3
2212,2213,3,11.0
2213,2213,3,5174.5
2213,S002,3,729.2
2301,2301,3,261781.4
2302,2302,3,369669.5
2303,2303,3,122639.8
3110,3110,3,415493.2
3110,3121,3,793.0
3110,3140,3,8.0
3110,3160,3,240.0
3110,3251,3,1288.0
3110,3254,3,270.0
3110,3259,3,34.0
3110,3260,3,8.0
3121,3110,3,755.0
3121,3121,3,65279.0
3122,3122,3,41689.3
3130,3130,3,53116.7
3130,3140,3,1677.0
3130,3150,3,45.0
3130,3221,3,81.0
3130,3222,3,56.0
3130,3240,3,14.0
3130,3252,3,3119.8
3130,3260,3,118.0
3140,3130,3,634.0
3140,3140,3,29045.0
3140,3150,3,556.0
3140,3160,3,1.0
3140,3222,3,4.0
3140,3230,3,156.0
3140,3252,3,250.0
3140,3260,3,63.0
3140,336A,3,29.0
3140,3370,3,6.0
3140,3399,3,55.0
3140,S004,3,93.0
3150,3130,3,185.0
3150,3140,3,1073.0
3150,3150,3,64615.9
3150,3160,3,84.0
3150,3230,3,84.0
3150,3260,3,27.0
3150,3391,3,92.0
3150,S004,3,9.0
3160,3130,3,32.0
3160,3140,3,5.0
3160,3150,3,29.0
3160,3160,3,9886.5
3160,3260,3,21.0
3160,3399,3,3.0
3210,3210,3,87366.4
3210,3260,3,304.0
3210,3323,3,129.0
3210,332B,3,15.0
3210,3370,3,150.0
3210,3399,3,5.0
3210,S004,3,50.0
3221,2211,3,259.0
3221,3130,3,61.0
3221,3210,3,150.0
3221,3221,3,68732.6
3221,3222,3,1845.0
3221,3251,3,202.0
3221,S004,3,2.0
3222,3130,3,6.0
3222,3210,3,124.0
3222,3221,3,2050.0
3222,3222,3,71703.8
3222,3230,3,231.0
3222,3255,3,126.0
3222,3256,3,187.0
3222,3259,3,152.0
3222,3260,3,1012.0
3222,332B,3,15.0
3222,3346,3,677.0
3222,3370,3,1.0
3222,3391,3,47.0
3222,3399,3,3.0
3222,S004,3,334.0
3230,3130,3,7.0
3230,3140,3,34.0
3230,3150,3,587.0
3230,3160,3,30.0
3230,3222,3,161.0
3230,3230,3,68451.4
3230,3260,3,13.0
3230,332B,3,84.0
3230,3399,3,54.0
3230,5111,3,663.0
3230,5418,3,25599.1
3230,5419,3,177.0
3230,561A,3,351.0
3230,S004,3,57.0
3240,2123,3,194.0
3240,3130,3,107.0
3240,3221,3,20.0
3240,3240,3,162085.1
3240,3251,3,10562.6
3240,3255,3,21.0
3240,3256,3,52.0
3240,3259,3,134.0
3240,3270,3,87.0
3240,331A,3,451.0
3240,3359,3,4.0
3251,3110,3,7.0
3251,3121,3,112.0
3251,3240,3,3326.8
3251,3251,3,100912.9
3251,3252,3,5995.0
3251,3253,3,1168.0
3251,3254,3,75.0
3251,3255,3,80.0
3251,3256,3,911.0
3251,3259,3,491.0
3251,3270,3,4.0
3252,3251,3,6194.0
3252,3252,3,57000.5
3252,3255,3,352.0
3252,3256,3,92.0
3252,3259,3,15.0
3252,3260,3,395.0
3252,3335,3,11.0
3253,3110,3,25.0
3253,3222,3,29.0
3253,3251,3,792.0
3253,3253,3,22822.1
3253,3254,3,26.0
3253,3256,3,30.0
3253,3270,3,3.0
3254,3251,3,168.0
3254,3252,3,85.0
3254,3253,3,55.0
3254,3254,3,83966.5
3254,3256,3,548.0
3254,3345,3,34.0
3254,3391,3,16.0
3255,3251,3,40.0
3255,3252,3,402.0
3255,3255,3,24527.9
3255,3256,3,8.0
3255,3259,3,119.0
3255,3260,3,3.0
3255,3270,3,17.0
3256,3240,3,209.0
3256,3251,3,381.0
3256,3252,3,76.0
3256,3253,3,379.0
3256,3254,3,175.0
3256,3255,3,75.0
3256,3256,3,48761.1
3256,3259,3,253.0
3256,3260,3,15.0
3256,3270,3,76.0
3259,3110,3,80.0
3259,3221,3,5.0
3259,3240,3,69.0
3259,3251,3,810.0
3259,3252,3,330.0
3259,3253,3,12.0
3259,3255,3,235.0
3259,3256,3,262.0
3259,3259,3,34898.0
3259,3260,3,169.0
3259,3270,3,16.0
3259,3333,3,280.0
3259,3335,3,3.0
3259,3346,3,324.0
3259,336A,3,12.0
3260,3130,3,82.0
3260,3140,3,128.0
3260,3210,3,99.0
3260,3222,3,630.0
3260,3230,3,7.0
3260,3252,3,507.0
3260,3255,3,157.0
3260,3256,3,4.0
3260,3259,3,145.0
3260,3260,3,151869.8
3260,3270,3,23.0
3260,3321,3,57.0
3260,3323,3,200.0
3260,332B,3,242.0
3260,3331,3,21.0
3260,3332,3,76.0
3260,3335,3,784.0
3260,3339,3,27.0
3260,3345,3,6.0
3260,3351,3,3.0
3260,3370,3,228.0
3260,3391,3,36.0
3260,3399,3,661.0
3260,S004,3,116.0
3270,2123,3,533.0
3270,3110,3,1.0
3270,3130,3,56.0
3270,3221,3,93.0
3270,3222,3,221.0
3270,3240,3,74.0
3270,3255,3,170.0
3270,3256,3,53.0
3270,3259,3,47.0
3270,3260,3,234.0
3270,3270,3,83300.5
3270,3315,3,1.0
3270,331B,3,12.0
3270,3323,3,49.0
3270,332B,3,36.0
3270,3332,3,27.0
3270,3335,3,7.0
3270,3345,3,2.0
3270,3351,3,22.0
3270,3359,3,6.0
3270,3391,3,48.0
3270,3399,3,11.0
3270,S004,3,13.0
3315,3315,3,27984.5
3315,331B,3,3.0
3315,3321,3,4.0
3315,332B,3,238.0
3315,3335,3,305.0
3315,3359,3,2.0
3315,S004,3,78.0
331A,3256,3,1.0
331A,3260,3,3.0
331A,3315,3,3.0
331A,331A,3,75748.2
331A,331B,3,152.0
331A,3321,3,295.0
331A,332B,3,159.0
331A,3339,3,89.0
331A,3359,3,227.0
331A,3370,3,23.0
331A,S004,3,275.0
331B,3222,3,130.0
331B,3251,3,604.0
331B,3270,3,1.0
331B,331A,3,8.0
331B,331B,3,60014.1
331B,3321,3,1.0
331B,332B,3,537.0
331B,3339,3,8.0
331B,3359,3,353.0
331B,S004,3,409.0
3321,3260,3,28.0
3321,3321,3,22582.4
3321,3322,3,59.0
3321,3323,3,121.0
3321,332B,3,250.0
3321,3331,3,6.0
3321,3332,3,3.0
3321,3334,3,7.0
3321,3335,3,317.0
3321,3339,3,26.0
3321,336A,3,335.0
3321,3370,3,2.0
3321,S004,3,183.0
3322,3210,3,2.0
3322,3259,3,59.0
3322,3270,3,4.0
3322,3321,3,5.0
3322,3322,3,10331.0
3322,3323,3,13.0
3322,332B,3,73.0
3322,3331,3,41.0
3322,3333,3,52.0
3322,3335,3,133.0
3322,3351,3,3.0
3322,S004,3,17.0
3323,3210,3,41.0
3323,3260,3,288.0
3323,3270,3,33.0
3323,331B,3,56.0
3323,3321,3,313.0
3323,3323,3,49044.9
3323,3324,3,446.0
3323,332B,3,846.0
3323,3331,3,41.0
3323,3333,3,12.0
3323,3334,3,36.0
3323,3335,3,5.0
3323,3339,3,41.0
3323,3352,3,2.0
3323,3359,3,7.0
3323,3364,3,1.0
3323,336A,3,6.0
3323,3370,3,16.0
3323,S004,3,136.0
3324,3260,3,112.0
3324,3321,3,38.0
3324,3323,3,331.0
3324,3324,3,21174.1
3324,332B,3,301.0
3324,3331,3,97.0
3324,3334,3,27.0
3324,3339,3,8.0
3324,3399,3,11.0
3324,S004,3,347.0
332A,332A,3,5538.6
332A,3331,3,11.0
332A,3339,3,2.0
332A,3345,3,24.0
332A,S004,3,2.0
332B,3130,3,4.0
332B,3230,3,63.0
332B,3260,3,205.0
332B,3315,3,74.0
332B,331A,3,4022.2
332B,331B,3,106.0
332B,3321,3,259.0
332B,3322,3,57.0
332B,3323,3,685.0
332B,3324,3,403.0
332B,332A,3,207.0
332B,332B,3,113517.5
332B,3331,3,70.0
332B,3332,3,41.0
332B,3333,3,27.0
332B,3335,3,368.0
332B,3336,3,259.0
332B,3339,3,749.0
332B,3345,3,226.0
332B,3359,3,4.0
332B,3364,3,191.0
332B,336A,3,12.0
332B,3370,3,19.0
332B,3391,3,2.0
332B,3399,3,40.0
332B,S004,3,382.0
3331,3323,3,105.0
3331,3324,3,14.0
3331,332A,3,9.0
3331,332B,3,167.0
3331,3331,3,49167.5
3331,3333,3,61.0
3331,3336,3,271.0
3331,3339,3,942.0
3331,3341,3,1.0
3331,3353,3,311.0
3331,336A,3,137.0
3331,336B,3,255.0
3331,5324,3,18.0
3331,S004,3,29.0
3332,3222,3,37.0
3332,3260,3,3.0
3332,3322,3,32.0
3332,3323,3,1.0
3332,332B,3,143.0
3332,3331,3,10.0
3332,3332,3,33214.8
3332,3333,3,97.0
3332,3334,3,2.0
3332,3335,3,215.0
3332,3336,3,1.0
3332,3339,3,175.0
3332,3344,3,2.0
3332,3345,3,98.0
3332,334A,3,5.0
3332,3399,3,1.0
3332,S004,3,86.0
3333,3222,3,53.0
3333,3256,3,17.0
3333,3259,3,344.0
3333,3260,3,53.0
3333,3323,3,6.0
3333,332A,3,9.0
3333,332B,3,15.0
3333,3332,3,84.0
3333,3333,3,22502.7
3333,3334,3,12.0
3333,3335,3,13.0
3333,3339,3,7.0
3333,3341,3,546.0
3333,3344,3,139.0
3333,3345,3,148.0
3333,3346,3,190.0
3333,3353,3,13.0
3333,3359,3,3.0
3333,3364,3,237.0
3333,3370,3,24.0
3333,3391,3,2.0
3333,S004,3,3.0
3334,3323,3,43.0
3334,3324,3,54.0
3334,332B,3,6.0
3334,3331,3,1.0
3334,3333,3,20.0
3334,3334,3,28793.8
3334,3335,3,14.0
3334,3339,3,292.0
3334,3352,3,85.0
3334,3353,3,35.0
3334,336A,3,2.0
3334,3370,3,26.0
3334,S004,3,45.0
3335,3260,3,56.0
3335,3270,3,132.0
3335,3315,3,2.0
3335,3321,3,77.0
3335,3322,3,64.0
3335,3323,3,10.0
3335,332B,3,398.0
3335,3332,3,70.0
3335,3335,3,28272.5
3335,3339,3,143.0
3335,3353,3,2.0
3335,336A,3,97.0
3335,3391,3,2.0
3335,S004,3,21.0
3336,3322,3,136.0
3336,332B,3,180.0
3336,3331,3,102.0
3336,3334,3,9.0
3336,3336,3,27436.4
3336,3339,3,85.0
3336,3353,3,494.0
3336,3364,3,74.0
3336,336A,3,501.0
3336,336B,3,5.0
3336,S004,3,18.0
3339,3255,3,2.0
3339,3315,3,72.0
3339,3322,3,88.0
3339,3323,3,44.0
3339,3324,3,35.0
3339,332B,3,920.0
3339,3331,3,433.0
3339,3332,3,356.0
3339,3333,3,198.0
3339,3334,3,96.0
3339,3335,3,239.0
3339,3336,3,626.0
3339,3339,3,55106.8
3339,3341,3,1.0
3339,3344,3,44.0
3339,3345,3,25.0
3339,3353,3,21.0
3339,3359,3,83.0
3339,3364,3,88.0
3339,3370,3,70.0
3339,3391,3,4.0
3339,3399,3,4.0
3339,5324,3,1.0
3339,S004,3,187.0
3341,3270,3,5.0
3341,3333,3,78.0
3341,3341,3,90814.4
3341,3344,3,5029.0
3341,3345,3,1120.0
3341,3346,3,465.0
3341,334A,3,856.0
3341,3399,3,48.0
3341,5141,3,16.0
3341,5142,3,16.0
3341,5415,3,67.0
3341,811A,3,295.0
3341,S004,3,17.0
3344,3322,3,2.0
3344,3332,3,36.0
3344,3333,3,19.0
3344,3341,3,1381.0
3344,3344,3,133089.8
3344,3345,3,163.0
3344,334A,3,877.0
3344,3353,3,57.0
3344,3359,3,307.0
3344,336A,3,6.0
3344,5415,3,2.0
3344,811A,3,3.0
3344,S004,3,8.0
3345,3254,3,252.0
3345,332B,3,160.0
3345,3333,3,264.0
3345,3341,3,211.0
3345,3344,3,731.0
3345,3345,3,81291.9
3345,334A,3,1228.0
3345,3351,3,92.0
3345,3353,3,207.0
3345,3359,3,307.0
3345,3364,3,1011.0
3345,3391,3,560.0
3346,3341,3,145.0
3346,3346,3,9438.1
334A,3333,3,1.0
334A,3341,3,37.0
334A,3344,3,901.0
334A,3345,3,935.0
334A,334A,3,86303.3
334A,3352,3,250.0
334A,3359,3,54.0
334A,5141,3,11.0
334A,5142,3,11.0
334A,5415,3,22.0
334A,811A,3,11.0
334A,S004,3,2.0
3351,3160,3,17.0
3351,3260,3,22.0
3351,332B,3,1.0
3351,334A,3,18.0
3351,3351,3,11997.4
3351,3359,3,55.0
3351,336A,3,3.0
3352,3140,3,161.0
3352,3260,3,1.0
3352,3322,3,75.0
3352,3333,3,190.0
3352,3334,3,119.0
3352,3351,3,60.0
3352,3352,3,19546.2
3352,3353,3,196.0
3352,3370,3,3.0
3352,S004,3,4.0
3353,3323,3,5.0
3353,332B,3,35.0
3353,3334,3,270.0
3353,3344,3,59.0
3353,3345,3,191.0
3353,3353,3,33240.8
3353,3359,3,355.0
3353,336A,3,378.0
3359,3240,3,53.0
3359,3259,3,15.0
3359,3260,3,68.0
3359,3270,3,217.0
3359,331A,3,182.0
3359,331B,3,897.0
3359,3321,3,33.0
3359,332B,3,66.0
3359,3335,3,6.0
3359,3339,3,1.0
3359,3344,3,633.0
3359,3345,3,10.0
3359,334A,3,378.0
3359,3351,3,129.0
3359,3353,3,405.0
3359,3359,3,37672.3
3359,3399,3,15.0
3359,S004,3,4.0
3361,3361,3,217427.0
3361,336A,3,2699.0
3361,336B,3,79.0
3364,3130,3,8.0
3364,332A,3,116.0
3364,332B,3,87.0
3364,3335,3,5.0
3364,3336,3,1016.0
3364,3339,3,163.0
3364,3345,3,293.0
3364,334A,3,292.0
3364,3359,3,28.0
3364,3364,3,114005.9
3364,336B,3,170.0
3364,3391,3,1.0
336A,3140,3,11.0
336A,3260,3,12.0
336A,3321,3,784.0
336A,3322,3,17.0
336A,3323,3,4.0
336A,332B,3,107.0
336A,3331,3,6.0
336A,3334,3,583.0
336A,3335,3,688.0
336A,3336,3,272.0
336A,3339,3,255.0
336A,3345,3,455.0
336A,334A,3,597.0
336A,3351,3,41.0
336A,3353,3,93.0
336A,3359,3,525.0
336A,3361,3,2639.6
336A,3364,3,348.0
336A,336A,3,187514.3
336A,336B,3,137.0
336A,3370,3,24.0
336A,S004,3,679.0
336B,3321,3,11.0
336B,3323,3,29.0
336B,332B,3,47.0
336B,3331,3,47.0
336B,3336,3,302.0
336B,3339,3,21.0
336B,3353,3,228.0
336B,3361,3,72.0
336B,336A,3,123.0
336B,336B,3,31833.2
336B,3399,3,122.0
336B,S004,3,8.0
3370,3140,3,24.0
3370,3210,3,223.0
3370,3259,3,3.0
3370,3260,3,84.0
3370,3270,3,119.0
3370,3321,3,2.0
3370,3323,3,15.0
3370,332B,3,16.0
3370,3339,3,13.0
3370,3344,3,36.0
3370,336A,3,8.0
3370,3370,3,61978.0
3370,3391,3,6.0
3370,3399,3,187.0
3391,3130,3,48.0
3391,3222,3,487.0
3391,3254,3,243.0
3391,3260,3,49.0
3391,332B,3,2.0
3391,3333,3,26.0
3391,3345,3,354.0
3391,3391,3,41320.1
3391,3399,3,11.0
3391,5415,3,6.0
3391,S004,3,42.0
3399,3210,3,286.0
3399,3222,3,33.0
3399,3230,3,112.0
3399,3240,3,3.0
3399,3259,3,15.0
3399,3260,3,330.0
3399,3270,3,203.0
3399,3321,3,11.0
3399,3322,3,15.0
3399,3323,3,2.0
3399,332B,3,113.0
3399,3345,3,49.0
3399,3370,3,18.0
3399,3391,3,64.0
3399,3399,3,54925.3
3399,5418,3,3020.0
3399,S004,3,13.0
4200,4200,3,752854.0
4810,4810,3,119445.0
4820,4820,3,37967.0
4830,4830,3,24258.5
4830,48A0,3,116.0
4830,5324,3,22.0
4840,4840,3,169258.7
4840,4920,3,122.0
4840,5620,3,16.0
4850,4850,3,24497.8
4850,48A0,3,83.0
4850,4920,3,44.0
4850,6210,3,1.0
4860,4860,3,27284.1
48A0,4810,3,4367.0
48A0,4820,3,899.0
48A0,4830,3,331.0
48A0,4840,3,2119.0
48A0,4850,3,53.0
48A0,48A0,3,36495.9
48A0,4930,3,72.0
48A0,6100,3,1.0
4920,4840,3,65.0
4920,4920,3,41721.3
4930,4930,3,29222.7
4A00,4A00,3,729824.0
5111,3230,3,1251.0
5111,5111,3,63646.7
5111,5418,3,48645.0
5112,5112,3,56798.9
5112,5141,3,124.0
5112,5142,3,168.0
5112,5415,3,3163.0
5112,6100,3,1092.0
5112,811A,3,31.0
5120,5120,3,61132.6
5120,5418,3,14.0
5120,7130,3,25.0
5131,5120,3,3603.0
5131,5131,3,8217.6
5131,5132,3,16.0
5131,5133,3,27.0
5131,5141,3,15.0
5131,5418,3,29393.4
5132,5131,3,90.0
5132,5132,3,39065.3
5132,5133,3,1088.0
5132,5141,3,20.0
5132,5418,3,4911.2
5133,5132,3,97.0
5133,5133,3,270640.5
5133,5141,3,2160.0
5133,5418,3,4707.0
5141,5112,3,61.0
5141,5141,3,11518.8
5141,5142,3,22.0
5141,5415,3,99.0
5141,6100,3,3.0
5142,5112,3,396.0
5142,5141,3,64.0
5142,5142,3,34885.6
5142,5415,3,398.0
5142,6100,3,68.0
5230,5230,3,193983.5
5230,5240,3,2307.0
5230,52A0,3,1784.0
5240,5230,3,321.0
5240,5240,3,338953.3
5240,5310,3,37.0
5240,5411,3,704.0
5250,5250,3,64300.0
52A0,5230,3,9076.0
52A0,5240,3,1246.0
52A0,52A0,3,416214.8
52A0,5321,3,41767.0
5310,5240,3,48.0
5310,5310,3,607154.4
5310,7210,3,270.0
5321,4850,3,20.0
5321,5321,3,42044.0
5321,532A,3,98.0
5324,5321,3,30.0
5324,5324,3,40897.7
5324,532A,3,157.0
532A,5321,3,41.0
532A,5324,3,1156.0
532A,532A,3,24269.2
5330,5230,3,4.0
5330,5310,3,11.0
5330,5330,3,101992.4
5411,5411,3,152040.8
5412,5142,3,3065.0
5412,5412,3,63259.5
5412,5415,3,87.0
5412,5416,3,4682.0
5412,5418,3,3.0
5412,561A,3,336.0
5413,5413,3,130231.0
5413,5414,3,734.0
5413,5417,3,171.0
5414,5413,3,101.0
5414,5414,3,17564.1
5414,5419,3,74.0
5415,5112,3,797.0
5415,5142,3,449.0
5415,5413,3,92.0
5415,5415,3,137173.0
5415,5417,3,37.0
5415,6100,3,716.0
5416,4A00,3,18.0
5416,5412,3,363.0
5416,5415,3,222.0
5416,5416,3,84226.6
5416,5418,3,23.0
5416,561A,3,210.0
5417,5413,3,37.0
5417,5416,3,380.0
5417,5417,3,62922.1
5417,5419,3,1.0
5418,5414,3,758.0
5418,5418,3,56832.0
5418,5419,3,123.0
5419,5419,3,60703.1
5500,5500,3,315497.2
5613,5613,3,88652.8
5615,5615,3,25096.6
561A,4200,3,48.0
561A,5412,3,197.0
561A,5415,3,149.0
561A,5416,3,533.0
561A,5418,3,8.0
561A,561A,3,188969.9
561A,811A,3,18.0
5620,2110,3,410.0
5620,5416,3,96.0
5620,5620,3,39463.0
5620,S004,3,1720.9
6100,6100,3,101603.8
6100,8120,3,88.0
6210,6210,3,380070.3
6220,6210,3,187.0
6220,6220,3,267078.1
6220,6230,3,70.1
6230,6210,3,75.0
6230,6230,3,93506.7
6240,6230,3,7.0
6240,6240,3,66274.9
7130,5418,3,71.0
7130,7130,3,79416.7
71A0,5418,3,1724.0
71A0,71A0,3,52194.1
7210,5310,3,1823.0
7210,7210,3,77132.4
7220,7220,3,344234.0
7220,S004,3,100.0
8111,8111,3,145650.5
811A,811A,3,94588.5
8120,561A,3,23.0
8120,8120,3,95239.2
813A,813A,3,54375.9
813B,5418,3,354.0
813B,813B,3,44726.9
8140,8140,3,12035.0
S001,2211,3,8308.0
S001,4A00,3,1535.0
S001,5120,3,97.0
S001,5240,3,1031.0
S001,5310,3,839.0
S001,7220,3,1883.0
S001,8120,3,2.0
S001,S001,3,60927.0
S002,2211,3,22174.0
S002,2212,3,4118.0
S002,2213,3,27590.0
S002,3270,3,55.0
S002,4820,3,83.0
S002,4830,3,38.0
S002,4850,3,7505.0
S002,48A0,3,5279.0
S002,4A00,3,2052.0
S002,5240,3,16.0
S002,52A0,3,77.0
S002,5310,3,11425.0
S002,7130,3,423.0
S002,8120,3,1191.0
S002,S002,3,42330.0
S005,S005,3,937811.7
S007,S007,3,9211.0
S008,S008,3,592861.7
